1508648
1508647
1508645
1508644
1508642
1508640
1508639
1508638
1508641
1671201
1671200
1671199
1671198
1671197
1671196
1671194
1671193
1671188
1671187
1645847
1645846
1645845
1645844
1347434
1347433
1347431
1347430
1347429
1347427
1347432
1508630
1508629
1508628
1508627
1508624
1508623
1508622
1508621
1645842
1645841
1645840
1508637
1508636
1508635
1508633
1508620
1508619
1508618
1508617
1508616
1508606
1494158
1494157
1494156
1479150
1479149
1479148
1479147
1479146
1479145
1479144
1347414
1347412
1347415
1347413
1347411
1347407
1347405
1347425
1347424
1347417
1347416
652016
652015
1346987
1345083
1345082
1296008
1347399
1347398
1347397
1347395
1347055
624147
743266
1347072
1259347
1259346
1259345
1347053
1347040
1346985
1346984
1346983
1346982
1346981
1346980
1346979
1346978
1346977
1346924
1346891
1346877
1346859
1346829
1346824
1346799
1346798
1346795
1346784
1345199
1345085
1345084
1296009
1259427
1259426
2676
1259386
1259385
1259384
1259383
1259382
1259381
1259380
1259379
1259378
1259377
1259369
1259368
1259367
1259366
1259365
1259364
1259362
1259360
1259359
1259358
1259357
1224849
1224848
1224842
1224841
1224840
1224834
1259356
1259355
1259344
588834
1159536
1259321
1259320
1259256
1259255
1259253
1259252
1259244
1259243
1259242
1259241
720687
720675
720674
1224890
1224889
1224888
1224887
1224886
1224885
1224884
1224883
1224882
1224881
1224880
1224879
1224878
1224877
1224876
1224875
1224874
1224873
1224872
1224871
1224870
1224869
1224868
1224867
1224862
1224861
1224860
1224859
1224858
1224857
1224856
1224855
1224854
1224853
1224852
1224863
1224847
1224846
1224845
1224844
1224843
1224839
1224838
1224837
1224836
1224835
1224825
1224824
1224823
1224822
1224821
1224820
1224819
1224818
1159614
1159605
1159604
1159513
1159512
1159511
1159510
1382
1159577
1159575
1159574
1159573
1159572
1159571
1159570
1159569
1159568
1159567
1159566
1159553
1159552
1159551
720691
1159529
1159527
1159526
1159525
1159524
1159521
1159520
1159517
1159516
1159515
1159509
1159507
1117362
1117358
1117361
1117359
1117319
743466
743447
743425
743421
743393
743386
743385
743450
743404
743462
743423
743400
743391
743390
743389
743384
743378
743377
743376
743375
743374
1117297
1117296
1117295
1117286
1117293
1117292
1117291
1117290
1117289
1117288
1117287
743411
743410
743408
743310
743309
743308
743307
1117285
743363
743360
743358
743357
743354
743318
743316
743315
743313
743312
743311
743305
743304
743303
743302
743298
743159
743158
743131
743129
743128
743123
720728
743356
1117284
1117283
743195
743193
743192
743187
743179
743178
743171
743170
743169
743168
743161
743160
1117278
1117277
1117274
1117273
1117272
1117271
743083
1117265
1083212
743225
743224
743223
743222
743221
743220
743218
743217
743215
743213
743212
743211
743210
743209
743203
743202
743194
743191
743094
743086
743085
743084
743081
743080
743079
743075
743074
743069
743066
743065
743064
743042
743041
743040
743036
743035
743033
743015
743014
743012
720693
720692
720686
720685
720684
720683
720682
720681
720680
720679
720678
720635
720634
651634
651633
651632
651631
743118
1053204
1053203
743166
743057
743056
743132
743110
743058
743055
743127
743119
743114
743113
743112
743109
743108
743105
743103
743099
743098
1053206
1053205
1053202
1053193
1053192
1053191
1053185
1053184
1053183
1053182
1053181
1053179
1053178
1053177
624071
1053174
1053173
651917
651734
624449
624284
624063
602455
602241
624078
1053172
1053171
1053170
1053169
1053167
1053144
1053143
1053141
1053140
1053139
1053134
1053132
1053130
1053129
1053128
1053127
1053126
1053125
1053124
1053122
1053121
1053120
1053119
1053118
1053117
1053115
977620
1035475
1035473
1035472
1035471
977617
977616
977615
977619
977618
977612
977609
977607
977606
977605
743511
743509
743507
743505
623995
743498
743497
743496
743494
743491
743490
743484
743483
743482
743481
743480
743479
743478
743477
743473
743472
743471
743470
743468
743467
743465
743464
743463
743461
743457
743455
743453
743452
743451
743441
743446
743444
743443
743442
743440
743436
743434
743432
743430
743428
743427
743424
743422
743420
743418
743417
743416
743415
743413
743412
743405
743403
743402
743399
743396
743395
743394
743383
743382
743381
743380
743379
743373
743372
743366
743365
743364
743327
743326
743325
743324
743323
743322
743355
743353
743348
743347
743346
743345
743344
743343
743342
743341
743340
743152
743148
743147
743146
743143
743142
743339
743338
743337
743329
743328
743336
743335
743334
743333
743332
743331
743320
743319
743317
743314
652177
743301
743300
743299
743297
743296
743295
743294
743293
743292
743291
743289
743288
743285
743185
743182
743039
743017
743049
743284
743283
743276
743275
743197
743150
743149
743145
743144
743048
743047
743046
743045
743044
743043
743021
743020
519
743267
2204
652173
489002
720701
743262
743260
743259
652277
652172
743255
743254
743253
489003
652122
743245
743244
743243
652155
743237
743236
743235
743234
743233
743232
743231
743229
743207
743206
743205
652289
743198
743186
743183
743175
743181
743089
720727
720726
743172
743167
743157
743155
743154
743153
743136
743135
743130
743125
743124
743059
743115
743111
743104
743102
743101
743097
743096
743095
743092
652119
652118
652117
743068
743037
743062
743052
686935
652183
652180
652175
743038
743026
743023
651996
651993
651920
743022
743019
743016
720737
720734
652281
652164
652140
720730
720729
686934
686933
652211
652194
652192
652190
720724
720711
720709
720708
720707
720716
720715
720714
720713
720697
720696
720695
720690
720677
720673
720672
720671
720661
720660
652086
652084
652081
652080
652079
652077
652034
652033
652032
720659
652004
652003
652001
651998
651991
651990
720653
720652
720651
720650
720649
720646
720645
720644
720512
720643
720642
720636
720632
720630
720629
720627
720626
720625
720624
720622
687009
651949
651947
651946
651605
720619
720618
720617
720616
720615
720614
720613
720612
720611
720610
720609
720608
720607
720606
720605
720604
720603
720602
720601
720600
720599
720598
651941
651940
651919
651902
651871
651708
651642
651601
651598
720597
651735
624450
624295
624069
602439
602240
720595
720594
720593
720592
720591
720590
720589
720588
720587
720586
720585
720584
686969
686967
720579
720580
720578
720577
720576
720575
720573
720572
720569
720537
720570
720568
720567
720564
720563
720561
720560
720566
720559
687026
687023
687021
720562
686931
686930
686929
686928
652239
720565
720553
720551
651864
651847
651841
651816
651882
651837
651836
624473
624458
687041
687040
687039
687038
651809
720548
720542
720547
720538
720534
651835
652181
720541
720540
720536
720535
720533
720532
720528
720527
720526
720525
720524
720523
720522
720519
651840
651839
720518
720517
720514
720513
720498
652280
652275
651863
651860
651833
651829
651808
651807
651806
651801
651798
651774
2517
651931
651935
651933
651929
651925
651924
651923
651922
651921
651878
651776
652021
720507
720506
652019
651858
651854
651834
720504
720503
720502
720501
720500
720499
720497
720496
720495
720494
720493
686947
651845
651844
651795
651773
651772
651771
651770
651591
651588
651586
651585
651584
624492
624490
624489
624488
624440
624430
624429
624428
624427
624426
624364
720492
720491
720490
651944
651943
651942
687042
651577
651769
651765
651764
651762
651689
651688
651686
651685
651904
687032
687031
687030
687029
687028
687027
651887
687022
686948
687020
687018
687017
687015
687013
686977
687005
687004
687003
687002
687001
687000
686999
686998
686997
686995
686994
686993
686991
686989
686988
686987
686986
686985
686984
686983
686980
686979
686978
651752
651750
624376
624374
624369
624367
624361
686971
686970
624391
624390
624389
624388
624387
624375
624372
624365
624360
624359
652271
652267
686968
686966
686965
686963
686962
686961
686960
686959
686958
686957
652193
686932
686920
686918
686917
686916
686915
652202
652287
652286
652195
652285
652283
652282
652276
652273
652265
652255
652253
652250
652205
652204
652203
652201
652198
652186
652185
652252
652247
652246
652244
652242
652241
652232
652230
652227
652226
652225
652222
652220
652216
652208
652207
652196
652187
652179
652174
652170
652168
652166
652156
652165
652161
652153
652151
652150
652149
652148
652145
652138
652137
652135
624029
624026
624024
624007
652130
652128
652127
652125
652124
652123
652121
652120
652116
652112
652111
651579
651563
624474
652106
652105
652104
623895
623880
652102
652101
652072
652071
652070
651786
651782
623947
623882
588775
651592
652062
652061
652060
652059
652058
652057
652053
652047
652046
652044
652043
652042
652041
652040
488949
652025
652020
652023
652011
652006
652005
652002
651989
651977
651976
651975
651974
651973
651972
651971
651970
651969
651968
624162
651967
540355
2769
2768
2767
2756
2755
2754
1927
1926
1925
1920
1919
1467
651965
651962
651961
651956
504602
602242
651939
651937
651852
651934
651932
651930
651928
651927
651926
651918
651916
651915
651914
651913
651912
651911
651910
651909
651908
651907
651906
651901
651900
651899
651898
651862
651884
651880
651879
651875
651874
651873
651872
651870
651729
651728
651694
651859
651855
651853
651849
651848
651846
651843
651842
651595
651593
504375
651823
651745
651675
651820
651818
651817
651815
651814
651813
651812
602310
651551
651804
651803
651802
651799
651797
651796
651794
651793
651792
651791
651790
651789
651788
651784
651781
651779
651768
651778
651777
651775
651766
651763
651761
651760
651759
651758
651757
651756
651755
651754
651753
651751
651749
651748
651743
651741
651738
651733
651700
651731
651730
651698
651663
651662
651720
651717
651713
651712
651709
651705
651703
651697
651696
651693
651692
651684
651683
651681
651680
651679
651677
651676
651673
651672
651670
651659
651657
651651
651650
651649
651648
651635
651646
651645
651644
651639
624468
624039
602354
602337
602335
602322
602320
651630
651594
651600
651599
651597
651581
463085
651570
651569
651568
651567
651565
651564
651561
624394
602464
651559
651558
651557
651555
651553
651552
651549
651547
624503
624501
624500
624499
624497
624496
624495
624493
624491
624487
624484
624479
624478
624476
624460
624459
624455
624454
624453
624448
624447
624446
624445
624444
624442
624441
624439
624438
624433
624432
624425
623963
602264
504328
624418
624417
624410
624409
624408
624407
624405
624404
624403
624395
624385
624384
624383
624382
624373
624368
624366
624363
624362
624351
624330
624343
624157
624347
624344
624337
624336
624335
624322
624317
624332
624331
624329
624328
624327
624326
624324
624320
624316
624315
624312
624311
624310
624308
602251
624305
588435
624300
624299
624298
624297
624296
624291
624290
624289
624288
624287
624285
624281
624275
624274
624273
624271
624270
624269
624265
624264
624263
624262
624261
624259
624258
624257
624254
624253
624252
624251
624250
624249
624248
624247
624246
624245
624244
624243
602338
602177
588804
588802
588801
588796
588770
588768
588766
504569
504566
1690
1689
624241
624173
504937
624207
624206
624205
624175
624202
624178
624177
624176
624174
624172
624171
624170
624167
624166
624165
624164
624163
624161
624160
624148
624149
624146
624145
602425
602424
602423
602133
602132
602131
602130
624140
624134
624133
624132
624129
624124
624123
602482
602434
602416
602404
602401
602400
602356
602334
588672
588671
588594
588593
588588
624117
624116
624044
624032
624031
624030
602459
602427
602426
602207
602206
602205
588582
588570
588558
588557
588556
588503
588495
624110
624109
624004
624003
624107
624106
624105
624104
624102
2566
623988
623986
623984
623983
623977
623976
623975
623974
624094
624093
624089
624087
624075
624074
624073
624072
624070
624064
624059
624042
623952
623935
623865
602437
602435
602433
602432
602431
602136
504911
504910
504909
504903
504901
504898
504897
624058
624056
624055
624049
624048
624047
624046
624045
623909
602135
588857
624034
624028
624027
588447
588445
588443
588441
588437
624025
624023
624021
624020
624019
624018
624016
624014
624013
624012
624011
624002
602179
504860
504857
504854
504853
504852
624006
624001
624000
623999
623998
623980
623996
623994
623993
623992
623991
623990
623989
623987
623985
623982
623981
623979
623978
623973
623972
623971
623970
623969
623968
623967
623966
623965
623960
623959
623958
623957
623955
623951
623950
623946
623945
623943
623941
623940
623939
623938
623936
623934
623930
623929
623926
623925
623924
623876
623875
602473
602180
588577
588576
588572
588555
623914
623913
623912
623904
623903
623899
623897
623894
623887
623886
623885
623884
623883
623881
623873
623872
623871
623867
623864
623863
623861
602471
602469
602461
602460
504684
504683
504682
504646
504645
602486
602484
602483
602374
602372
602367
602478
602477
602476
602475
602474
602470
602441
602408
602414
602407
602376
602304
602257
602398
602397
602394
602391
602389
602388
602386
602384
602383
602382
602381
602380
602379
602378
602377
602375
602373
602371
602370
602369
602368
602366
602365
602364
602362
602361
602360
602358
602357
602350
602348
588620
588608
588606
588604
602332
602328
602326
602317
602316
602315
602313
602309
602308
602296
602214
602306
602305
602298
492949
602295
602293
602292
602262
602288
602285
588583
588581
588568
588566
588564
588563
588327
588326
540371
540369
540368
540367
540366
540365
540349
540344
504924
504923
504921
504919
504918
504917
504889
504886
504881
504880
504879
504876
504875
504873
504872
504871
504870
504869
504868
504867
602284
602280
602279
602273
602272
588752
602208
588637
504633
504631
602269
602268
602267
602266
602263
602260
602259
602258
602256
602255
602254
602253
504608
504604
504599
602243
602236
602235
602234
602233
602228
602227
602218
602225
602224
602223
602222
602221
602220
602219
602216
602213
602212
602209
602217
602215
602211
602210
588780
588779
602198
602188
588859
602204
602202
602201
602200
602199
602191
602190
602189
602187
602186
602185
602184
602182
602181
602178
602176
602168
602167
602166
602165
602164
602161
602160
602158
602150
602154
602151
602149
602147
588452
588356
588355
540304
540302
504496
588647
588645
588641
588639
588611
588609
588607
588605
588578
588575
540274
540265
540261
540260
602134
602129
602128
602127
602126
602121
588710
588856
588855
504418
504417
504416
493113
493047
493046
493044
493043
493042
493039
493038
588851
588849
588848
588847
588846
588845
588844
588842
588841
588840
588839
588833
588831
588830
588829
588828
588827
588826
588825
588683
588786
504836
588811
540276
588810
588809
588808
588800
588799
588798
588797
588795
588790
588783
588414
504792
588777
588776
588771
588769
588764
588763
588761
588760
588759
588757
588756
588754
588751
588750
588749
588748
588747
588746
588745
588744
588743
588742
588741
588727
588724
588719
588715
504415
504392
504359
504356
504354
504345
504344
504343
504342
588720
588718
588717
588714
588712
588711
588709
588707
588698
588697
588696
588689
588686
588688
588687
588682
588681
588680
588679
588678
588673
588573
588524
588359
540340
540334
588634
588632
588631
588630
588629
588628
588626
588624
588603
588602
588601
588600
588599
588598
588597
588596
588542
588592
588591
588590
588586
588584
588580
588579
588574
588571
588569
588567
588565
588554
588553
588548
588525
588498
463199
435010
588547
588546
588545
588544
588543
588541
588538
588537
588536
588535
588534
588533
588532
588530
588529
588527
588526
588516
588515
588514
588513
588505
588504
588507
463225
588502
588490
588486
588485
588484
588483
588481
588480
2423
2400
2388
2387
2327
504501
504497
504492
504488
588472
588471
588463
588462
588456
588455
588454
540257
540254
504511
504510
504507
504494
504482
588453
588451
588449
588448
588446
588442
588440
588439
588438
588412
588382
588379
588434
588432
588430
588429
588426
588425
588423
588422
588421
588420
588419
588418
588417
588416
588415
588411
588408
588407
588406
588404
588403
588401
588400
588399
588398
588397
588396
588395
588394
588393
588392
588386
588390
588388
588387
588385
588384
588383
588381
588378
504927
504500
588377
588376
588375
588374
588373
588372
588371
588365
504866
504554
588364
588363
588361
588349
588348
504673
504670
504664
504641
493251
588347
588346
588345
588344
588343
588342
588341
588340
588339
493161
493154
493110
588332
588331
588330
588329
588325
588324
588323
588322
588321
540363
540341
540327
540362
540361
540360
540359
540356
540354
540353
540352
540350
540348
540347
540346
540343
540339
504840
540338
540337
540335
504517
504514
504512
504506
504489
504487
504671
504665
540326
540324
540323
540322
540321
540288
540318
540317
540316
540315
540314
540312
540311
540306
540305
540303
489004
488901
540301
485352
540298
540297
540296
540256
540280
540279
540271
540270
540269
540268
540266
540264
540263
540259
540258
540255
504659
504658
540253
540252
504939
540246
504944
504943
504942
504941
504933
504932
504931
504922
504920
504902
504896
504895
504894
504893
504891
504890
504888
504887
504885
504883
504882
504865
504861
504850
504848
504847
504846
504845
504843
504842
504841
504839
504837
504834
504832
504831
504820
504818
504828
504827
504826
504825
504824
504823
504822
504821
504816
504815
504814
492996
492995
492994
492987
488959
488951
488950
488945
488943
488937
488936
488933
488932
488931
488930
488911
488909
488907
488905
488893
488870
488868
488867
488866
488864
488848
488844
488836
488809
488807
488802
463074
504809
504806
463130
463124
463091
504724
504789
504788
504773
504769
504768
504767
504765
504763
504762
504756
504755
463142
463081
449773
504742
488797
488770
2802
504735
504730
504729
504728
504727
504726
504725
504723
504722
504719
504718
504717
504713
504712
504706
504703
504702
504701
504699
504698
504697
504695
504694
504693
504689
504672
504687
504685
504680
504679
504678
504677
504657
504544
485295
504676
504675
504674
504669
504667
504666
485339
463253
463251
463250
504655
463129
463123
463122
463119
463118
463107
504654
504650
504649
504648
504642
504549
504542
493003
504640
504470
504469
504468
504461
504458
488827
488825
488823
488814
488812
488808
488801
488795
488792
488790
2744
2742
2740
504637
504636
504548
504453
504447
504446
488987
488935
488925
488842
488831
488826
488819
485287
485286
485285
485283
485282
485278
485277
463228
463227
463105
434981
2836
2835
2822
2820
2815
2814
2809
504630
504626
504625
504583
493002
434929
434928
434925
434924
434922
2844
2843
504619
504613
504609
504597
504593
504588
504539
504576
504575
504574
504573
504572
504571
504570
504567
504565
504524
504564
504563
504562
504561
504560
504559
504557
504556
504555
504553
504551
504547
504546
504545
504543
504538
504536
504535
504534
504533
504532
504530
504528
504526
504525
504518
504516
504515
504509
504508
504504
504503
504502
504499
504485
504484
493094
493048
504467
504466
504465
504464
504460
504457
504455
504450
504449
504444
504396
504351
504443
504440
504438
493247
504436
504434
504433
504432
489005
504426
504425
493243
493242
493233
493229
504422
504374
485288
449729
435001
2537
2102
1903
881
855
852
728
716
504413
504409
504330
504319
504317
504405
504403
493197
493196
504397
504395
504394
504393
504390
504389
504388
493226
493176
449748
504386
504378
504371
504370
504369
504367
504366
504365
504364
504363
504362
504361
504360
504358
504353
504352
504349
504348
504347
504346
504341
493175
504339
504335
504333
504332
504331
504329
504327
504325
504324
504323
493194
504322
504320
504318
504316
504315
504314
504313
493250
493249
493248
493240
493239
493238
493237
493236
493235
493234
493231
493230
493177
493228
493227
493225
493223
493218
493215
493214
493213
493212
493211
493210
493208
493206
493205
493204
493203
493202
493201
493200
493199
493198
493195
493193
493192
493191
493189
493188
493185
493183
493182
493181
493180
493179
493164
493174
493172
493170
493169
493168
493167
493166
493165
493054
493052
493049
493045
493157
493100
493155
493153
493139
493137
493133
493150
493149
493148
493147
493146
493145
493144
493142
493141
493138
493136
493135
493134
493132
493130
493128
493126
493123
493122
493119
493118
493117
493116
493112
493107
493106
493104
493103
493102
493101
493099
493097
493096
493095
435004
493093
493092
493090
493089
493088
493085
493083
493082
493081
493080
493078
493076
493075
493074
493073
493072
493071
493070
493069
493068
493067
493066
493065
493064
493063
493061
493060
493053
493051
493050
1666
1655
1450
493037
2495
449726
435027
488923
488921
488892
488884
488882
488876
488871
488799
488793
449737
449736
449727
435032
435024
435018
435011
434980
2678
2658
2614
2498
2478
2335
2684
2679
2500
2497
2496
2493
2492
2491
2489
2483
2475
2466
2420
2397
2370
2359
2357
2356
2352
2348
2347
2339
2337
2334
2285
2284
2801
2686
2682
2670
2627
2468
2442
493020
493016
493015
493014
493013
2799
2798
2793
2792
1941
1756
1755
1624
1560
1550
1535
1754
1752
1958
1957
1750
1749
1659
1618
1536
1514
1512
1449
493005
493004
488913
488900
485345
492998
492990
492986
492985
492984
492982
492980
489010
492970
492968
492966
492961
492960
489041
489026
489022
489021
1569
492959
492958
492957
492954
492952
492950
489034
489020
489019
488890
434942
434941
434937
492948
489033
489006
488833
488824
488822
489025
489018
492947
488791
489043
489040
489039
489038
489037
489036
489014
489013
488773
489035
489032
489027
489024
489023
488920
463179
463176
463175
463174
449743
449742
449741
449740
449735
449734
434998
434996
434995
434990
2840
2839
2834
2831
2816
2811
2640
2612
489016
489012
489011
489009
488903
2238
489008
489007
489000
488998
485353
485284
1056
1701
1679
1538
2354
2351
2350
2349
488999
485367
485342
485366
488994
488992
488986
488985
488810
488983
488982
488981
488980
488979
488978
488976
488972
488877
488966
488963
488958
488869
488957
488953
488948
488934
488914
488908
488906
488904
488902
485280
488898
488897
488891
488889
488888
488886
488885
488881
488880
488879
488878
488875
488874
488873
485368
485276
2775
2615
488865
488863
488861
488860
488858
488798
488854
488853
488852
488851
488850
488849
488846
488845
488843
488840
488838
488837
488835
488834
485338
485336
463135
488832
488830
488828
488821
488820
488817
488816
488815
488811
488805
488804
488803
488800
488783
463211
488789
488788
488785
488752
488745
463208
463120
2743
2561
488782
488780
2530
488777
488772
485271
463080
488748
485393
485391
485374
485364
485360
485351
485349
485341
485340
485313
463256
463257
485337
2401
2789
485318
485314
485298
485297
485294
485290
2662
2480
485281
463077
463076
463217
463255
463254
2634
2570
2568
2567
2515
2514
2513
2547
2506
2502
2499
1017
463229
463226
463224
463221
463220
449750
449749
463214
463206
463205
463204
463203
2338
463191
463185
2346
2332
463184
2484
2473
2471
2463
2460
2453
2446
463172
2341
2340
463152
463151
463150
2704
2693
2683
2635
2633
2631
2630
2610
2586
2525
2519
2518
2511
2398
2396
463128
463127
463125
2784
449761
449757
449755
463109
463106
435013
435009
435002
2819
2808
2773
2752
2664
2556
2532
463108
463103
463097
463096
463088
463086
434944
434943
449766
434955
449770
449769
449765
449762
449764
449756
449754
449753
2765
1932
449745
1405
998
997
996
992
959
958
957
954
945
944
942
929
923
919
912
909
908
907
906
905
900
897
896
892
890
889
888
886
875
449733
2404
1519
1403
1402
1379
995
994
993
989
988
987
986
985
984
983
982
981
980
979
978
977
976
975
974
973
972
971
970
969
968
967
966
965
964
963
962
961
960
955
948
947
946
943
939
938
934
933
931
930
928
926
925
924
922
921
918
917
916
915
914
910
904
903
902
901
899
895
893
891
887
885
884
883
435031
435029
435026
1026
1023
435023
434988
434940
434932
2772
2771
2408
1376
1047
1045
1028
1015
874
872
856
854
851
435019
434958
435017
435016
435014
2783
2782
2778
2207
434997
434987
2829
2828
2827
2826
2653
2625
2620
2576
2562
2536
2535
2534
2533
2311
2307
2298
2296
2295
2219
2218
2217
434976
434968
434967
434957
434956
2589
434954
434947
434951
434946
434945
434938
434936
434935
434934
434933
434931
434930
434923
2759
2758
2838
2837
2159
2823
2821
2812
2807
2538
2795
2794
2791
2790
2788
2787
2786
2785
2451
2167
2763
2762
2753
2750
2749
2748
2747
2745
2741
2739
2738
2735
2734
2733
2731
2730
2729
2725
2724
2723
2695
2691
2712
2711
2708
2705
2701
2696
2438
2188
2685
2680
2677
2675
2486
2182
2181
2673
2672
2671
2669
2668
2667
2666
2660
2654
2649
2644
2381
2377
2193
2638
2613
2458
2457
2456
2452
2603
2583
2510
2597
2596
2595
2594
2592
2591
2590
2588
2587
2585
2581
2578
2577
2573
2572
2565
2564
1722
1721
2559
2551
2549
2548
2528
1030
2546
2172
2508
2507
2364
2353
2173
1708
1707
2501
2488
2454
2450
2476
2474
2467
411
2443
2441
2422
2403
2395
2394
2215
2214
2196
2195
2434
2419
2414
2409
2405
2402
2244
1650
1621
2429
2428
2425
2410
1916
2391
2390
1981
1863
2384
2382
2376
1985
1850
2320
2318
2294
2326
2323
2308
2289
2288
2286
2279
2278
1540
2267
2265
2263
2257
2253
2252
2251
2242
1466
2224
2220
2213
2212
2211
2210
2209
2208
2003
2002
1999
1994
1990
1988
2199
2197
2194
2192
2191
2190
2186
2185
2183
2180
2179
2160
2151
2150
2147
2145
2120
2115
2113
2112
2111
2110
2109
2108
2107
2101
2100
2096
2010
2089
2086
2084
2081
2080
2077
2075
2055
2053
2051
2050
2048
2047
2046
2045
2044
2043
2042
2041
2040
2039
2038
2037
2036
2035
2033
2031
2027
2022
2021
2020
2019
2017
2015
1868
2009
1983
1975
1973
1972
1970
1969
1967
1626
1964
1960
1959
1956
1751
1948
1891
1944
1939
1938
1936
1935
1934
1933
1930
1929
1928
1915
1914
1913
1912
1902
1900
880
1898
1897
1896
1895
1890
1889
1888
1339
1886
1884
1883
1882
1769
1341
1340
1337
1336
1335
1334
1333
1877
1876
1872
1871
1869
1865
1634
1631
1821
1816
1815
1493
1492
1491
1489
1461
1795
1771
1770
1782
1781
1780
1768
1767
1766
1764
1508
1757
1753
1470
1744
1743
1740
1739
1738
1737
1736
1735
1733
1732
1731
1730
1729
1728
1727
1726
1725
1724
1723
1705
1712
1711
1699
1694
1692
1691
1688
1687
1686
1684
1682
1681
1660
1641
1633
1619
1629
1627
1253
1241
1573
1572
1571
1570
1568
1567
1471
1562
1561
1559
1558
1551
1544
1543
1542
1541
1534
1528
1522
1518
1516
1498
1487
1479
1455
1477
1469
1468
1465
1460
1463
1462
879
1459
1458
1457
1394
1454
1452
1445
1444
1437
1436
1435
1431
1442
1259
846
1215
1421
1420
1419
1418
1417
1414
1413
1412
1411
829
792
787
721
691
679
1409
1406
1404
711
1399
1398
1397
1324
1396
1392
1252
1361
1331
1330
1329
1328
1327
1323
1322
1320
1319
1305
1275
927
1307
1288
1284
1279
1278
1277
1272
1268
1250
1249
1248
1238
1233
1232
1228
1225
1224
1223
1221
1200
1198
1197
1196
1192
1050
1000
1134
1079
1078
1068
832
1062
1060
1058
820
825
724
935
830
949
826
801
737
733
715
714
713
712
831
523
790
1013
718